version https://git-lfs.github.com/spec/v1
oid sha256:73634016d58696667160439bc4cb6b183932c3c9a5aa8445f8ac55f8e1777803
size 192318
