version https://git-lfs.github.com/spec/v1
oid sha256:d333c498db8af14db22f5d68b8e11102e9e13b7502a2e29653caf003032107f7
size 200431
