version https://git-lfs.github.com/spec/v1
oid sha256:7cfaad72ab785e108abee778ff5841c9006449dedbe4bda94141bd347d4c6157
size 6088735
